<<<<<<< HEAD
*PRE	PRE	2.490	3.380	0.890	En politique
*PRE	PRE	3.380	6.790	3.410	Françoise de Panafieu tête de liste UMP pour les municipales  
*PRE	PRE	6.790	10.000	3.210	 tenait une conférence de presse ce matin sur le Grand Paris 
*PRE	PRE	10.000	14.700	4.700	c' est un thème vous le savez qui paraît est bien loin des préoccupations des des parisiens 
*PRE	PRE	14.700	18.330	3.630	en direct avec nous Dhaïk alors pourquoi les politiques y tiennent autant 
*PRE	PRE	54.280	58.740	4.460	mais quelles sont les propositions des des candidats et qu' est ce qui les différencies
*PRE	PRE	118.610	121.200	2.590	merci Dhaik  pour toutes ces précisions 
perso 2		18.250	20.520	2.270	ben faut rappeler ce que c' est déjà le Grand Paris 
perso 2		20.520	24.030	3.510	 ce serait une structure commune qui regrouperait Paris et les villes voisines 
perso 2		24.030	28.310	4.280	ce thème est arrivé en 2006 et c' est Françoise de Panafieu qui s' en est emparée
perso 2		28.310	31.330	3.020	parce que c'est un moyen pour elle d' attaqué Bertrand Delanoë
perso 2		31.330	35.630	4.300	de dire qu' il décide pour Paris sans se soucier des conséquences sur la banlieue
perso 2		35.630	39.120	3.490	alors Bertrand Delanoë a répliqué dès 2006 en créant la conférence mé~ métropolitaine 
perso 2		39.120	41.960	2.840	une fois par trimestre il réunit des maires de banlieue
perso 2		41.960	44.890	2.930	Nicolas Sarkozy s' est également emparé du débat
perso 2		44.890	48.970	4.080	et ça c' est parce que (l'hyper) président ne veut être étranger à aucun dossier 
perso 2		48.970	51.710	2.740	et puis parce que ça concerne surtout aussi un petit peu les Hauts-de-Seine 
perso 2		51.710	54.140	2.430	départements sur lequel il a toujours un oeil très attentif
perso 2		58.740	63.750	5.010	alors tous les candidats sont d' accord sur le fond sur la nécessité de créer cette structure commune
perso 2		63.750	67.110	3.360	par contre sur la mise en place et la méthode il y a deux écoles
perso 2		67.110	69.380	2.270	 il y a l' école des petits pas c' est celle de l' UMP et des Verts 
perso 2		69.380	72.040	2.660	il considère qu' il faut d' abord définir un projet concret 
perso 2		72.050	73.330	1.280	par exemple sur du transport
perso 2		73.330	77.820	4.490	après on invite les maires des communes voisines à venir voir comment ça se passe
perso 2		77.820	80.660	2.840	on voit si c' est possible et on voit comment on peut s' organiser 
perso 2		80.660	85.530	4.870	et puis il y a l' autre école qui dit~ qui veut mettre en place une grande structure commune
perso 2		85.540	87.430	1.890	et avant~ et après définir les projets
perso 2		87.430	90.570	3.140	c' est le cas de Bertrand Delanoë qui s' engage une fois élu 
perso 2		90.570	91.800	1.230	a~ une fois élu pardon
perso 2		91.800	92.610	0.810	si il était réélu 
perso 2		92.610	94.800	2.190	à regrouper  tous les maires nouvellement élu
perso 2		94.810	98.350	3.540	et à décidé quel serait le périètre de ce qu'il appelle Paris métropole
perso 2		98.350	99.620	1.270	c'est la cas du modem
perso 2		99.630	104.690	5.060	qui voudraient en plus soumettre les conclusions un référendum auprès des habitants franciliens
perso 2		104.690	106.390	1.700	histoire d'intéresser les lecteurs
perso 2		106.390	107.250	0.860	parce que c'est vrai que 
perso 2		107.260	109.550	2.290	c'est un thème qui passionne les politiques 
perso 2		109.550	110.350	0.800	parce que ça bouleverse 
perso 2		110.360	110.600	0.240	euh
perso 2		110.600	112.170	1.570	les structures des collectivités locales 
perso 2		112.170	116.190	4.020	mais c' est vrai on peut être pensé que ça passe un petit peu au dessus de la tête
perso 2		116.190	116.490	0.300	euh
perso 2		116.490	118.560	2.070	des électeurs et du concret de leurs préoccupations 
=======
*PRE,Françoise de Panafieu tête de liste UMP pour les municipales  
*PRE, tenait une conférence de presse ce matin sur le Grand Paris 
*PRE,c' est un thème vous le savez qui paraît est bien loin des préoccupations des des parisiens 
*PRE,en direct avec nous Dhaïk alors pourquoi les politiques y tiennent autant 
*PRE,mais quelles sont les propositions des des candidats et qu' est ce qui les différencies
*PRE,merci Dhaik  pour toutes ces précisions 
perso 2,ben faut rappeler ce que c' est déjà le Grand Paris 
perso 2, ce serait une structure commune qui regrouperait Paris et les villes voisines 
perso 2,ce thème est arrivé en 2006 et c' est Françoise de Panafieu qui s' en est emparée
perso 2,parce que c'est un moyen pour elle d' attaqué Bertrand Delanoë
perso 2,de dire qu' il décide pour Paris sans se soucier des conséquences sur la banlieue
perso 2,alors Bertrand Delanoë a répliqué dès 2006 en créant la conférence mé~ métropolitaine 
perso 2,une fois par trimestre il réunit des maires de banlieue
perso 2,Nicolas Sarkozy s' est également emparé du débat
perso 2,et ça c' est parce que (l'hyper) président ne veut être étranger à aucun dossier 
perso 2,et puis parce que ça concerne surtout aussi un petit peu les Hauts-de-Seine 
perso 2,départements sur lequel il a toujours un oeil très attentif
perso 2,alors tous les candidats sont d' accord sur le fond sur la nécessité de créer cette structure commune
perso 2,par contre sur la mise en place et la méthode il y a deux écoles
perso 2, il y a l' école des petits pas c' est celle de l' UMP et des Verts 
perso 2,il considère qu' il faut d' abord définir un projet concret 
perso 2,par exemple sur du transport
perso 2,après on invite les maires des communes voisines à venir voir comment ça se passe
perso 2,on voit si c' est possible et on voit comment on peut s' organiser 
perso 2,et puis il y a l' autre école qui dit~ qui veut mettre en place une grande structure commune
perso 2,et avant~ et après définir les projets
perso 2,c' est le cas de Bertrand Delanoë qui s' engage une fois élu 
perso 2,a~ une fois élu pardon
perso 2,si il était réélu 
perso 2,à regrouper  tous les maires nouvellement élu
perso 2,et à décidé quel serait le périètre de ce qu'il appelle Paris métropole
perso 2,c'est la cas du modem
perso 2,qui voudraient en plus soumettre les conclusions un référendum auprès des habitants franciliens
perso 2,histoire d'intéresser les lecteurs
perso 2,parce que c'est vrai que 
perso 2,c'est un thème qui passionne les politiques 
perso 2,parce que ça bouleverse 
perso 2,euh
perso 2,les structures des collectivités locales 
perso 2,mais c' est vrai on peut être pensé que ça passe un petit peu au dessus de la tête
perso 2,euh
perso 2,des électeurs et du concret de leurs préoccupations 
>>>>>>> Débora
