*PRE	PRE	1.620	4.370	2.750	 il a choisi de commenter pour nous trois projets
perso 1		14.220	16.420	2.200	ce qui m'a très intéressé dans le travail de 
perso 1		16.430	19.130	2.700	de Rogers c'est cette stratégie d'envahissement
perso 1		19.130	21.410	2.280	donc du Grand Paris par le végétal
perso 1		21.430	25.940	4.510	Rogers propose d' envahir les espaces délaisser de  la métropole parisienne
perso 1		25.940	28.360	2.420	constitué de ces vaisseaux de rails
perso 1		28.360	30.420	2.060	personne ne connait trop ces espaces 
perso 1		30.420	33.420	3.000	parce que en fin de compte ils sont plus ou moins invisible 
perso 1		33.420	35.830	2.410	donc cette stratégie là consiste à construire
perso 1		35.830	36.350	0.520	en fait au dessus de ferraille là
perso 1		36.350	37.750	1.400	 une nappe végétales un parc 
perso 1		37.750	39.860	2.110	qui est un complexe en fin de compte 
perso 1		39.880	43.940	4.060	qui allie euh le parc aux infrastructures nécessaires à la ville de l'après-kyoto
perso 1		43.950	45.800	1.850	le travail urbain depuis les années
perso 1		45.800	48.760	2.960	 il est segmenté on fait des infrastructures d' un côté 
perso 1		48.760	51.170	2.410	et après on embellie on rend vivables les espaces
perso 1		51.170	53.460	2.290	on fait on peut faire tout un on peut gérer 
perso 1		53.460	54.810	1.350	 penser un parc
perso 1		54.820	58.290	3.470	comme un espace où on va gérer les les écoulements des eaux
perso 1		58.290	60.310	2.020	 les les le paysage peut être arrosé
perso 1		60.310	63.600	3.290	de lui même par le propre écoulement de eaux sur le bâtiment  
perso 1		63.600	65.590	1.990	on peut avoir un parc d' éoliennes
perso 1		65.590	68.510	2.920	en fin de compte il faut savoir joindre l' utile à l'agréable
perso 1		68.510	70.480	1.970	et cette stratégie là qui rend je crois une image positive 
perso 1		70.510	72.490	1.980	et faisable économiquement viable 
perso 1		80.580	82.880	2.300	le travail de l' équipe Lyon Mangin et Offner 
perso 1		82.880	86.330	3.450	est assez remarquable hein il a il a plusieurs dimensions
perso 1		86.330	89.400	3.070	s' il fallait retenir une image se serait sûrement celle -ci 
perso 1		89.400	93.130	3.730	puisqu' on a on a un lieu qui est assez quotidien pour les transiliens 
perso 1		93.130	95.230	2.100	qui est cette segmentation de l' espace 
perso 1		95.230	97.430	2.200	 opérés par les infrastructures routières
perso 1		97.430	99.890	2.460	 donc si on accepte l' idée de réduire la vitesse
perso 1		99.890	102.050	2.160	en fait de 90 à 70 km/h 
perso 1		102.050	104.680	2.630	on va créer ici de véritables boulevards urbains 
perso 1		104.680	106.680	2.000	et donc une capacité d' appropriation 
perso 1		106.680	110.560	3.880	donc d' une part bien sûr on se l' approprie en végétalisant cet espace là
perso 1		110.560	112.270	1.710	en créant une ligne de tramway 
perso 1		112.270	114.540	2.270	en construisant le long de cette voie là
perso 1		114.540	119.130	4.590	mais encore plus important on va créer une porosité entre ces deux segments urbain 
perso 1		119.130	122.940	3.810	qui aujourd'hui conditionne en fin de compte l' urbanisme contemporain 
perso 1		122.940	124.920	1.980	puisqu' on crée ici de véritables barièrres
perso 1		124.930	128.100	3.170	qui rendent dos à dos deux espaces et deux espaces de vie 
perso 1		129.470	130.890	1.420	parce que l' équipe de de Lyon
perso 1		130.890	133.480	2.590	à voulu euh en fin de compte révélée par cette image
perso 1		133.480	135.320	1.840	 c' est qu' en fait le Paris de 2050  
perso 1		135.320	136.030	0.710	il est déjà là
perso 1		136.040	138.510	2.470	 ici c'est une démonstration de son potentiel 
perso 1		138.510	140.970	2.460	donc en modifiant les règles d' implantation 
perso 1		140.970	141.940	0.970	 densité 
perso 1		141.940	144.710	2.770	 ces espaces là  peuvent se transformer 
perso 1		144.710	147.740	3.030	 et ça c' est une image de ce qui pourra advenir demain 
perso 1		147.740	150.420	2.680	 pour peu qu' on accepte d' en modifier les règles 
perso 1		152.740	154.440	1.700	dans le travail de l'atelier nouvel
perso 1		154.440	157.460	3.020	évidemment il y a plusieurs strates il y a plusieurs épaisseurs
perso 1		157.470	160.830	3.360	 il y a aussi ce travail sur le végétale qu' on retrouve chez Rogers
perso 1		160.830	162.480	1.650	qu'on retrouve en fin de compte sur bon nombre de concurrents 
perso 1		162.480	164.580	2.100	parce qu' effectivement c' est un travail dans une première partie 
perso 1		164.590	168.400	3.810	sur le la ville de l' après- Kyoto et donc il y a évidemment des similitudes
perso 1		168.400	170.230	1.830	et heureusement sur ces 10 projets
perso 1		170.230	172.560	2.330	chacun en fin de compte quand même 
perso 1		172.560	175.200	2.640	pose ce diagnostic que le Paris est déjà là 
perso 1		175.200	177.490	2.290	 le Paris de demain il est par ailleurs 
perso 1		177.490	178.960	1.470	 en fin de compte déjà là 
perso 1		178.960	183.080	4.120	c'est ce travail sur ce Paris là qui va prendre du temps
